equInduc
  9 10
  0.0172709
  0.00307232  -0.00020883  -0.000193489  -0.00020883  0.00311507  -0.000186603  -0.000193489  -0.000186603  0.00302998  
  0.0173609
  0.00306714  -0.000208284  -0.000196486  -0.000208284  0.00310973  -0.000186859  -0.000196486  -0.000186859  0.00303893  
  0.0174509
  0.00305523  -0.000203893  -0.000198989  -0.000203893  0.00308831  -0.000186478  -0.000198989  -0.000186478  0.00304189  
  0.0175409
  0.00304492  -0.000197302  -0.000199667  -0.000197302  0.00306228  -0.000186465  -0.000199667  -0.000186465  0.00303886  
  0.0176309
  0.00304589  -0.000193285  -0.000198591  -0.000193285  0.00304759  -0.000186735  -0.000198591  -0.000186735  0.00302648  
  0.0177209
  0.00305513  -0.000190476  -0.00019739  -0.000190476  0.00303926  -0.000187609  -0.00019739  -0.000187609  0.00301125  
  0.0178109
  0.00305712  -0.000188157  -0.000194858  -0.000188157  0.00303148  -0.00018745  -0.000194858  -0.00018745  0.00298533  
  0.0179009
  0.00306219  -0.000186862  -0.000192532  -0.000186862  0.0030295  -0.000187881  -0.000192532  -0.000187881  0.00295815  
  0.0179909
  0.00306991  -0.000185984  -0.000188815  -0.000185984  0.00303122  -0.000188418  -0.000188815  -0.000188418  0.00292671  
  0.018
  0.0030707  -0.000185896  -0.000188612  -0.000185896  0.00303127  -0.000188418  -0.000188612  -0.000188418  0.00292504  
